0 1 2
3 4 5 6
7 8 9 10 11
12
13
14 15 16 17
18
19 20
1 21 22 23 24 25 26
1 27 28 29
30
1 31 32
1 33 34
1 35
36 37 38
39 40 41
42 43 44
1 45 46 47 48 49 50
1 51
52 53 54 55 56
57 58 59 60
61 62
1 63 64 65
66 67
68 69 70 71
72
73 74 75 76
1 77 78 79 80 81
82 83 84
85 86
1 33 87 88 89 90
91
92 93
1 94 95 96 97 98
18 99 100
101
42 44
102 103
104
105 106 107 108
1 109 110
1 111
112 113
114 115
116
1 117 118
119 120
121 122 123
124
1 24 125 126
127
128 129
130
39 41 131 132 133
134
135
136
137 138 139
140
141
1 142 143 144 145 146
147 148
149
150
151 152 153
154 155
156 157 158
1 29
159
1 160 161 162 163
164
159 165 166 167 168 169 170
171 172
173 174 175
176 177
178 179 180
181 182
183 184
185 186
187 188
189 190 191 192 193
194 195 196
197
198 199 200
1 201 202 203
204 205 206 207
208
209 210 211 212 213 214
215 216
217 218
219
1 220 221 222 223
224 225
226 227 228 229 230 231
1 232 233 234 235
236 237 238
239
240 241 242 243 244 245 246
247
248 249 250 251
4 252
253 254 255
256 257
258 259
260 261 262 263
264
265 266 267 268
269
270 271
272 273 274 275 276
277 278
156 200 279 280 281
282 283
284 285
286 287
1 288
289
290 291 292
1 293
294 295 296 297
298 299
300 301 302
303 304
305
165 306
191
307 308 309
310
311 312
313
314 315
316 317
318 319 320
241 321
322
323
324 325 326 327
328 329 330 331
332
190
333 334 335
1 336 337
338 339 340
1 341 342 343 344 345
346 347 348 349
350 351 352 353
354
355 356 357 358 359 360
361
362 363
1 364 365
366
367 368
369
370
213 371 372 373 374
375 376 377
212 213 378
287 379 380
381 382 383 384 385
386 387
388 389
390 391 392 393
1 394 395 396
397 398
399 400 401
402
403 404
405
406
407 408
409 410 411
1 412 413
414
1 415
416 417 418 419
303 420 421
1 422 423 424
1 425 426 427
428 429 430 431
432 433
434 435 436
437 438 439 440
441 442 443 444 445
446
447
1 448 449 450
451 452 453 454
131
455
9 10
1 456 457 458 459
460 461
462 463
464 465
466 467 468 469
470 471 472 473
474
475
476
308 309 477
478 479 480 481 482 483 484
485 486
122 123
487 488
489 490 491
492
493
494
495 496 497
1 498 499 500 501
502 503
504
301 505 506
507 508
509 510 511
512 513
514
515
516 517 518
1 519 520 521 522
523 524
345 525
526 527 528
1 529 530
531
230 532 533
534 535 536
537
538 539 540
73 541 542
543
1 544
545
507 508 546 547
548 549 550
1 551 552
369 553 554 555
1 556 557
558
559 560 561
562 563 564 565
566
567 568 569
1 14
1 94 95 97 142 146
570 571
353 572
1 524 573 574 575
576 577
158 200 279 281 578
331 579 580
581
390 582
583 584 585
91 586 587 588
589
1 590 591
592
593
594 595
596
597 598
1 27 599 600 601
602 603 604
605
606 607
101 608 609 610 611
515 612 613
1 614 615
616
554
617 618
619 620
621
622 623 624
1 625 626
548 549 627
1 628 629 630 631
1 632
633 634 635
328
636 637
1 638 639
640 641 642 643
644
570 645 646
392 647 648 649
650 651 652
588 653
654
655 656 657
658 659
3 5 6 252 660
661 662
663
1 664 665
666 667
668
1 344 669 670
671 672
1 673
103 674 675
676
677 678 679
680
681
682
683
684 685 686 687 688
689
690 691 692
655 656
1 693 694
1 551
695
696 697
270 698 699 700 701 702
703
704 705 706
707 708 709 710
711 712 713
714 715
205 206 207
191 716 717
718
1 719 720 721
57 137 722 723
724 725 726 727
323 728
729 730 731 732
733 734 735
736 737 738 739
740 741
1 742
515 743 744
1 745 746 747 748
749 750 751
1 752
753 754
755 756 757
758
258 259 759
760
761 762
763 764 765
766 767 768
185
769 770
736 771
772
663 773 774
775
776 777
453 778 779
401 780 781 782
783 784
659 785
786 787 788
779
1 789 790 791
1 792 793 794
795 796
797 798
567 568 569 799 800
801
802
211 803
804 805
806 807 808
809 810 811
1 812
813 814 815 816 817
1 818 819 820 821
822
823
824 825 826
827 828 829 830 831
832 833
834 835 836 837
838
839 840 841 842 843
844 845
1 846 847
429 431 550 848
849 850 851
852
87 853
617 772 854 855
802 856 857 858 859 860 861
451
452 454
862 863
864 865 866 867 868 869
870
871 872 873 874 875
1 614 615 876
442
877 878
879
880 881 882
883 884 885
373 374 886
887 888 889
890 891 892
893 894 895 896 897
898 899 900 901 902
903
904 905 906
854 907 908
1 457
909 910 911
284 912
913 914
915
916 917 918
242 244 919 920
466 468 469
921 922 923 924
925 926
195
1 927
928 929
1 930
823 931 932
194 196 933
934 935
505 506 936 937
721
938 939
940
941 942
700
943 944 945
946 947
900 901 902
406 948 949
504 564 565 692 950 951 952
891 892 935
523 524 573 953
954 955 956
957
217 218 661
526 527 528 958 959 960
1 961 962 963
950 964
965 966
1 589 967 968
969
970 971
972
973
486 974
1 975
976 977 978
979
980 981 982
983 984 985 986
987
811 944 988 989 990 991
772 855 992 993 994 995
618 996 997
1 998 999
1000
1001 1002
1003 1004 1005 1006
1007
486
1008 1009
1010 1011
1012 1013
1014 1015
1016 1017
275 1018
1019
755 756 757 943
1020
1021 1022
1023 1024
1 1025 1026
1 1027 1028
1006 1029
1 1030 1031 1032 1033
180 1034
356 357 1035
1 1036 1037
1 1038
47 49
478
1039 1040 1041
1042 1043
1044 1045
1046 1047
1048 1049
1050
839 841 842 843 1051
1052 1053
292 783 784 1054 1055
1 1056 1057
428 430 1058
36 37 38 1059
1060
115
1061
1 1062
159 167 168 170
407
1063 1064
960
74 76 1065
1066
599 600 1067
155 1068 1069
470 472 473
123 1070 1071 1072
1073
682 1074 1075 1076
187 188 1077 1078
1079
174
924 1080
1081 1082 1083 1084 1085
903 1086 1087
1088
160 1089 1090
1091 1092 1093
736 850 1094
554 555
841 842
1095 1096
1097
1098
877 1099 1100 1101
1102
773 774
1103 1104 1105 1106 1107
1 1108
147 760 916 1109 1110
1111
1112 1113
585
1114 1115
1 1116 1117 1118
43 1119
1120 1121
851
1033
886
1 1122
1123 1124 1125
1 1126 1127 1128
1 1129
1 638 639 1108
1130 1131 1132
1133 1134 1135
858
1136 1137 1138
1139
58
955 956 1140 1141
1142 1143
236
1144 1145
1146 1147
1 1148 1149
8
1 1150 1151
585 1152 1153 1154 1155 1156 1157
1158
342 343
13 1159
214 372 373 374
112
1160 1161
256 1162 1163 1164 1165
1166 1167 1168
1169
1170
1171 1172 1173 1174
1175 1176
467 1177
462 1178
1179 1180
446 586 587 1181 1182 1183 1184
1185
204 205 207
1186
852 1187 1188
976 977 978 1189 1190
1 1191 1192
1193 1194
1195 1196
997
1103 1104 1105 1106 1197
1 746 748
193 769 770
1017 1198 1199 1200 1201 1202 1203
1204
409
1205 1206 1207
1115 1208
1209 1210 1211 1212
1213 1214
1215 1216
364 1217
1218
1089
1219
1 450
463 1220 1221 1222
1223 1224 1225 1226 1227 1228 1229
728 1073 1230
959
1 12 1139 1231 1232 1233 1234
621 782 1235 1236 1237 1238
1239 1240 1241
1242
1243
1215
332 1244 1245 1246 1247 1248 1249 1250 1251 1252 1253 1254
818 820 1255
1226 1256
1257 1258 1259 1260
1261 1262
775 1263 1264
53 56
1265 1266 1267
391 393 518 566 647 1170 1268 1269 1270
1271 1272 1273 1274
1275 1276
1 161 162 163
177 1277
399 400 780 1278 1279
1 1280
25 1281 1282
181 182 503 1283 1284
1285 1286
1 253 361
1287 1288
886 1289
1290
1236 1278 1291
1 233
848
1292 1293
629 630 631
921 922 923
1 1294 1295
499
254 255
1296
823 932
1297 1298
1299 1300
925 926 1301
884
500 501 856
490 1302
183 184 1303
250 1304 1305 1306 1307 1308
1309
228
876 1310
1311
1 1312
592 1313 1314
1315 1316 1317 1318 1319
1147
130 824 1320
1321 1322
1315 1323
1324 1325 1326
699 701 758 1327
652 1328
1329
389 749 750 751 1330
1 961 963 1331
1287
1 1332 1333
274 835
227 229 230 231
441 443 445
1 234
1334
1335 1336 1337
360 1338
1339 1340
722
1 597 1341 1342 1343
1 1344
1 1345
1346
166 169
1 1347 1348
1349
845 1350 1351
73 541
1352
1 1217
1100 1353 1354
256 1163 1165 1355
1356 1357
1358 1359
1360
601 1219 1361
141 1362
329 331 579 580 1363
859 1364
135 1355 1365
416 418 419 1366 1367 1368
624
305 1369
708 1370
1 763 765 1371 1372
260
1373 1374
1375 1376
1377
564 951
1309 1378
907 908 1379
419 1366 1368 1380
236 238 1381 1382
1383 1384
382 385
1 1385 1386 1387 1388 1389
1390 1391 1392
1153
306 330 602 604 979 1001 1002 1307 1308 1393 1394 1395 1396 1397 1398 1399 1400 1401 1402
1183 1403 1404
1 1405
572 828
1406 1407 1408
492 829 830 1409
248 1410
1011 1411 1412
1 1413 1414 1415
1416
699 701 758
1417 1418 1419
42 43 1119
1420
1 1421 1422
1423 1424
1425
1 1426 1427 1428 1429
1 1430
1431
466 468 469 1177
1432 1433
62 1434 1435
1436
416 417 418 419 1366 1367 1368 1380
1160 1161 1437 1438
1439
1 745 1440
1441 1442 1443
1444
1445 1446 1447 1448
125
482
548 627 1449 1450
1451 1452
1453 1454
310 1455 1456 1457
1458 1459
1460 1461 1462
1 1463
920
642 905 906 1218
2 51 1464
248 498
1 523 953 1465 1466
698 702
1467 1468
735 1469
1470
1 1471
1472 1473
1474 1475
1476 1477
596 1478
1479 1480
1199 1201 1202 1203
1 1481 1482
1483 1484 1485
825
1 1486 1487
1488 1489
950 952 964 1490
1005 1491
1305
1492 1493 1494
1495 1496
1497
1 1117 1294 1498
1 1499 1500
1501
1502 1503
1504
727
725 726 1505
478 1411 1506
1 128 129 493
1507 1508
1 456 1509
1510
1066 1511
284
1512
695 1513 1514 1515 1516
1 1517 1518 1519 1520
1 1144 1145
1396 1398
1077 1078 1521 1522
1523
864
315
1 740 741 1524 1525
781
1 1526
216 383 384
408 1527
1406 1407 1408 1528
747
712 1529
684 685 686
1530 1531
356 357
1532 1533
1534
1535
1 143
479 480 870
333 775 1263 1264
476 893 894 1536
1537
1538 1539
325 326 327
1465 1540
1541 1542
239 474 1543
1544 1545
1546 1547 1548
264 936 937 1549
151 153 709 710 1550 1551 1552 1553
1554 1555 1556
1557 1558
1281 1428 1429
1 1559
1560
1561
980 981 1562 1563
655 1564
1 590 591 1038
854 992 994
1210 1212
1295 1565
671 672 1566 1567
1568 1569
907 908 1379 1570
1571
800
245
595 1214 1572
1573
1498 1574
1575 1576
1577
1 1578
1547 1548
1 1579
603 604
1580
712 1529 1560
1 1581
224 225 372
1175 1360 1582 1583
1584
917
1265 1266 1585
616 1586 1587 1588 1589
57 59 60
99 100 838
1 1590 1591
1592
1593
1223 1224 1225 1227 1229
1084
1594
102 103 674 675 1527
293 397 1595
1596
285 912 1597
1598 1599 1600
1187 1188
1050 1601 1602
1046 1507
1 1603
1 637 967 1604 1605 1606
476 894 895 896 1536 1607
820 1255 1608
834 836 837
1609 1610 1611
1612
1207
151 709 710
1354
1 98
435 436
1613
350 1614
1615
1616
677 678
1 711 713 1560
206 844 1350 1351 1543
1617 1618 1619
1 242 321 919
1620
1621 1622
1623 1624
575 1625
1420 1626
1222
1 1627
40 133 311 312 1628
1440
1399
1629 1630
810 811
1631
1257 1258 1260
1562 1563
1539
1617
1 33 88 89 90 1345
1 32 111 141 220 221 222 223 1312
605 1632
537 1156 1633
1 63 64 65 1550 1634 1635
127 1636 1637
1638 1639
355 358 359
8 1640 1641 1642
1 1643 1644 1645
1 203 415 1646
1647
1 65 556 1648 1649
1650 1651 1652
863
437 439 1653
1290 1654
835 837
1655 1656 1657
1658 1659 1660
1636
1661 1662
974 1112 1113 1416 1663
1664
82 1665 1666 1667
1668 1669 1670
392 582 648 649
1666
140 644 1671
1107
1296 1672
872 873 874 1673
1674 1675
1 1007 1572 1676 1677 1678 1679
1680 1681 1682
485 584 915 1683
1316 1317 1318 1319 1323
101 608 609 610
1528 1684
1685
1074 1076 1171 1196
1 707 1551
966 1686
1358 1687 1688
1607
215
1637 1689 1690 1691 1692
115 1048 1162
1693
248 1694
1268 1695
785 1696 1697 1698
1699
795 796 1465
1700 1701
765
1 1702 1703 1704
1017 1198 1202 1595 1614
311 1631
1705 1706
1461 1462 1707 1708 1709
867
341 370
1091
853 1710
491
882 1711 1712 1713 1714
1715 1716 1717
941 942 1718 1719 1720
248 1721
479 480 482 483 484
1722 1723
1 425 427
412 444
1724
1200
1231
1 694 1725 1726
1711 1712 1713 1714
1727
1178 1425 1728
1729
1554
290 970 971
1730
1731 1732 1733 1734
1735 1736 1737
965 1360 1582 1738 1739 1740
1 719 1030 1031 1032 1033 1661
718 1741 1742
1393 1394
1620 1743 1744
1745 1746
1 1747
863 1449 1557 1558 1748 1749
861
1750
1751 1752
784 1051 1054
1 1753
555 1754
980 982 1563
1755
1756
1 1757
1758
1356 1357 1759
1760 1761
1684 1762
1763
1764 1765
439 440 1618
2 1464
1650 1651 1652 1766
1767
1768
1064
112 713 962
890 1681 1682
197 918 1769
1770 1771
1 556 557 1648 1649
749 751
1009
1772
806 1773
1 589 1390 1391 1577 1774
1 1775 1776
45
261 262 263
1777 1778
1052 1053 1230
176 177 1277 1779
1780
1047 1507 1508 1781 1782
106 1549
1783
665 1784
1524
822 1544 1545 1785 1786
1 45 49 670 1476 1580 1594 1679 1753 1787 1788 1789 1790
972 1791 1792 1793
866 868 869 1794
219 455 801 1368 1795
1 558 1310 1750
1025 1796 1797
1568 1569 1798
1 126 370 1463 1477 1799 1800
1 1801 1802 1803 1804
475 1805
1245
1806
1 1807 1808
1257 1258
1809 1810
1455 1456
1299 1811 1812 1813
1814
1 1343 1579 1815
1 1036 1816
1742 1817 1818 1819
1820 1821 1822
1 109 110 1823 1824
771 1246 1825
1206 1826
1 125 1479 1480 1827 1828 1829
1 1801 1802
814 815
579 580
420 421 824 826
1460 1707 1708 1830
1 1275 1831
1832 1833 1834
796 1835 1836 1837
1838 1839 1840
1841
586 1842
1 1282
1148 1149
1400
1623 1624 1843
1472 1473 1844
167 1592 1845
1612 1834 1846
1679
69 1444
1820 1822 1847 1848 1849
138
1850
1642
1851
1349 1512 1852
1488 1489 1853 1854
1 1384 1855
943
1 413 1593 1654 1856 1857 1858
925 926 1301 1859
161 819 821 1608
869 1298
324 1262 1363
1794
407 408 1761
1768 1785 1860
781 1235
1008 1861 1862 1863
1285 1864
154 1068 1865
1 509 510 1693
1 78 1529
1866
1867
797 798 972
496 965 1020 1738 1740
114 545 1699 1868 1869 1870 1871 1872
1562
1 1873
1 1874
1067
743 744
248 1525
438 1653
983
1 946 1389
334
1 232 233 235
1875 1876
1877 1878 1879 1880
1247 1250 1251 1630
1466
30 497 1242
271
1246 1249 1313 1647 1780 1881 1882 1883 1884 1885
136 1833
248 934
1 1886
1887
214
1653
1885
969 1888
620 1889 1890
648
1 1814 1891 1892
1189
446 1184 1842
1893 1894
1 96 152 153 708
1895
1 1702 1703
803 1896
879 1897 1898 1899 1900
1181 1182 1183
1836 1837
1112 1901 1902 1903 1904
1143 1905
1906 1907
6
1431 1908
286
332 1253 1909
1 598 1166 1910
0 1 171 594 636 1339 1464 1593 1603 1654 1856 1857 1858 1911
1442 1912
402 1677 1678
1913 1914
1 1915
1228 1346
1735 1860
319
434 435
1532 1533 1916 1917
904
1748 1749
1557 1558 1748 1805
1918 1919
220
490
1 669
1000 1920
1921
1072 1922
1908 1913 1914
1923
856
462
1924 1925
1926 1927
1 160 1089 1090
1928 1929
181
341 1476 1477 1930
543 1140 1141 1931
483
61 1434 1435
1932 1933
1427
1691
1934 1935 1936
1174
1 720
379 380 1095 1096
1937 1938
367 368 1939
1 1940
1 1584 1941 1942
149 314 1330 1943
696 1944 1945
1540
172 1911
30 1686 1946 1947
1793 1948 1949
1950 1951
1019 1952
1035 1953
48 247
1954 1955
1 1956 1957
1958 1959
1960
611
546 547
323 985
1722 1723 1961
1962 1963 1964
1965
266 267 268 1966
900 1329 1743 1967 1968
1 1344 1439 1646 1747
822 1809 1969 1970 1971
1336 1972
1973
1974 1975 1976 1977
899 901 902
1973 1978 1979
1 669 1980 1981
1175 1176 1583
1126 1127 1128
21 22
1 1098 1413 1414 1415
226 517 1912 1982
1983 1984
1152 1153 1154 1155
1985
1462 1672 1709
1781 1782
1247 1250 1251 1629 1630
1209
1289 1552 1986
265 266 267 268 1966
1393 1394 1395 1987
1988 1989 1990
1860
1991
1436 1598 1599 1778 1992 1993
881
131 132
135 538 539
642
1716 1717 1994
689 1995 1996
96
1751 1752 1997
1998
1930
992
414 520
381 383 384 1999
1 1275 1276 1831
1827 2000
2001 2002
2003 2004
1168 2005
1699 1868 1871
1960 2006
2007 2008
1 2009 2010
1684
1802
1991 2011 2012 2013
514 871 2014
754 1092 1093
2015
1564 2011 2012 2016 2017
346 347 1685
521 2018 2019
2020
44 1358 1687 1688 2021
608 609 610 611
2022
1143
1 1214 1634
1097 2023 2024 2025
1820
2003
1 1341
1155
316 317 1362 1767 2026 2027
309 477 2028
966
780
2029 2030
618
1080 1316 1317 1318 1319 2020
1320 2031 2032 2033
282 1838 1840 2034
964
1 1129 1980 1981
1335 1832 1972
707
2035 2036 2037
1534 2038 2039
247 2040
1793
1587 1588 1589
633 634
1385
1760 1796 1797 2041
1 186 2042
1403 1404
1304 1306 1307 1308
730 1060
1553 2043
1743 1744
2044 2045 2046 2047
2048
2049 2050 2051
1 1810 1969 1970 1971
289 839 1433 2052
166 168 169 170
494 1492
1723 2053 2054 2055
1772 2056 2057
1 1063 1150 2058 2059
1452 2060
716 2061
1 1519
1 35 1775 1776 1986 2062
2063
1304
1952 2064 2065 2066
1674 1675 1962
80
1359 2021
313 364 365 721 967 968
1274
229
2067
25 1676
684 685 1721
1115 2068
819
813
1574 2069 2070 2071
2072
2052
226 231 1912
1375 1376 2073
1843 2074
2075 2076
1 519
1 1815
1223
1729 2077
1861 1863 2078
1019 1220 1221
1567
1825
948 949 2004
104 2079
1923 2058 2059
2080 2081
1 607 1757 2082 2083
1975
1091 1092 2084 2085
183 319 1303
737 738 739 1859
613 2049 2050 2051
1 1575 1576
46 1213
1362 2026 2027
2086
1488 1854
1099 1101 1354
130 1320
821
2087 2088
581 2089 2090
1292
2091 2092 2093
921 922 923 1080
1 2094
575 1625 1921
52 53 55 56
622 623
1852 2007 2008 2095 2096
1046
209
1273 1897 1898 1900
1 1941
436 1790
517
1 2097 2098
1 336 337 812
2099 2100
2016
1902
724
630 631
945 989 1596
2101 2102
1 1823 1891
2103 2104
171 172 1911
1586
1365
291
1306
635 1081 1082 1085 2105
1433
1255 1608
1228 1229 1346
2106
520 597 598 1342
1397 1401 1402 2107
1 77 80 81
654 1658 1659 1660 1918
481
560 561
1239
799
668 1240 2108
1208
1224 1225 1227 1256
1375 1416 2073 2109
612 2099 2100
1041 1243 1945
2110 2111
1171 1174
422 423
2112
1515
531 2113 2114
1 2115 2116
2065 2066
658 785 1696 1697 1698
1995 1996
927 1601 1602 2117
2118 2119
1086
571 645 646 1561
1 2120 2121
50 1219
1742
1690
2122 2123
1055
1676
2124
280 1018
1498
182 503 1283 1284
2125 2126
1552 2015
2127 2128
248 1023 1024 1410
990
792 793
1252 1909 2129
178 179 914
2130 2131
1 752 2132
753 754 1093
471
1472 1473 1783 1844
640
737 738 739 1301
2110
1126 1127
656 657
173
2133 2134 2135 2136 2137
277 278 816 1265 1266 1267 1585
74 1065 1409
1992 1993 2138 2139
679 1850
1006 1492 1493 1494
1 552 808 2082 2083 2140 2141
2142
1 2122 2123
1541 1715 1717
1 201 202
1 1635
1072 1922 2033
635 1081 1082 1083 1085
1327 1895
1 673 1874 2143 2144
650 651 1328
1 1116 1118 1430
954 956 1140
806 1773 2060
2145 2146
2147
1 1896
102
1395
897
1240 1241 2108
1131 1132
1339
410 411 1321
1 2148
114 545 1869 1871 1872 2149 2150
1946 1947
1987
2151 2152
157 279 280 281 578
1 27 1998
809 810 945 988
1629
574 1316
1718 1719 1720
606 607 2153 2154
1 1043 1277 1827 2000 2155
1111 2156 2157 2158
1989
883 1806 2089 2090 2159
198 199
797 798 1569 1798 1953
1513 1514 1516
660
7 9 10 11
1546 1548
703 940 1613 2147 2160 2161 2162
1 23 2163 2164
1626 2165 2166 2167
789 794 1281
2105
348
2168 2169
2170
1 2140 2171
2121
2172
1 28 606 1158 1405 2173
265 2174
931 932 1445 1455 2080
1502 1503 2175
2176 2177
526
1068 1069 1865
1244
269 1875 1876 2074 2178
1818
1423 1424 1850
1 807 2060 2179
310 1457
542 1841 2180
840 1504 2052 2181
116 1353 2182
2183
1 763 764 1372
2073 2109
2111 2184 2185
650 652 1958
2186
1787
316 1913
150 836
2187 2188
1289 1776 1986 2062
987 2080 2081
2189
1878 2190
1 2191 2192 2193
636
1 426
338 340
862 1441 2194
2195
1 857 858 2196
723
294 295 296 683 2172
1 1604 1605 1606
525
2197 2198
1659 1660
349
390 391 393 422 516 518 1268 1269 1695
134 534 535 1334
2199
1600 2139
2200
2201
243 244 245 920 2202
2203
1615 1656 2204 2205
875 1673
432 2206 2207
2014 2208 2209 2210
1232 2136 2137
2184 2185
2164 2211
1663
871 2014
1783 2212 2213
19 20 1146
335
862 1441 1442 1443 2194
1003 1004 2214
2215 2216 2217
2218
1 1062 2219 2220
1 2120 2163 2221
662
1899 2222
1130 1664 1949 2035 2036 2037
1 1385 1388
1845
68 69 70 71 717
248 688
864 865 867
1267
2215 2217
184 318 470 472 1303
2153
133 1628
1773 2018 2019
2223
1 1166 1167 1340
516
504 951
2224
1731 1732 1733
1724 2072 2216
261 262 263 2048
1759
1640 1641 2225
1 2097 2098 2226
680 1313 1314 1766
148 1839
1 1386 1387 1388
1689 1690 1692
637 1391 1606
691 952 1490
1835 1836
2227
2069 2070 2071
404 2056 2057
1379 1570
1040 1944 1945 2022
1739 2228
2160
1 2042 2171
1 1491
1209 2025
1123
924
318 320
1367 2229
228 1695
113 145
1377 2103 2104 2230
1982
61 62 1434 1435
240 2231
1426
2045 2046 2199
2179
2232
1620 1744 1967 1968 2200
562 563 565
1190
31 222 2148
1683
1649
577 1218 1826
1191 1711
379
1235 1237 1238
1211
543 1141 1931
1026
2028 2233
1495 2075 2076 2234 2235
1550
849 851 1094 1694 1966 2222
899 2170
957 2236 2237 2238
2239 2240
1848 1849 1851
2241 2242
1 2119 2219 2220
1889
400
1 121
2243
2150
2057 2244 2245
1382 1978 1979
1178 2064 2246
1311 2247 2248
366 654 1954 1955
189 190 192 193 248
1 860 2249 2250
1735 1736 1737 2251
2252 2253
502 1727
248 666 667
283 1204
243 246 2202 2231
83 84 1352
2175 2254
2149
1939 2255
1249 2256
1811
2190
2113 2114
322 1152 1728 2257 2258
813 816 817
2236 2238
1234
1111 2156 2259 2260
1655 1657
729 731 732
1 544 1553 2043
2261
872 873 874
1537 2262 2263 2264
1917
582
1 693 1427
2092 2093
2204 2205
2046 2053 2054 2055
2265
1119 1359 2021
107 108
1151
1 1930 1956 2211 2266 2267
208 1964
2252
411 1322 1566
1029
536
294 295 296 683
339 2268
1 1575 1725 1726 1998
2269 2270 2271
2034 2272
1412 1479 1480 1828
1 1383 1384 1855
594 595 1290
2234 2235
2243 2273
733 734 2004 2218 2274
616 761 1587 1588 1589 2086
505 506
252
786 787 788 2105
315 1226 1256
137 139 722 2275
1522
413
1437 1438
396 747
1 1957 2276
576 640 641 643 2277
2278
939 1534 2038 2039 2101 2279
79 2173
1259
2206 2207
2102
2229
1868
1 790 791 1559 1910 1940 2221 2266 2276
567 568 569 800 1965
612 613 743 2099 2100
52 55
1616 2125 2126 2280
1 1371 1526
1401
2262 2263 2264
156
602 603 1001 1002
1961 2045 2047 2061
983 984 986 1905
248 2044 2281
2095 2096
931 1446 1447 1448
1 808 975 1581 2141
1 2191 2282
828 829 831 2283
1 210 378 1639
2269 2271
146
1 288 522
1 65 1510
2078
730 2063 2284
1 1915 2132 2285 2286
1 88 861 2287
731 2284
1203 1614
138 2023 2024
1992 2138
204
387
1506
307 1777 1778
827
1736 2251
399 1729
1 1892
938 2038 2039 2279
1 1370
442 443 444 445
1985 2288
2077 2289
2290 2291
1984
94 113
351 352
1 2192 2193
1070 1071
1 1770 2292
431 550 848
2084
644 1671 2270
2095
2293 2294
1862 1863
1 1770 1771
1191
248 354 687 1024
1402
328 329 330
1974 1977
1 1254 1643 1644 1645
1271 1272
1916 2289
1314 1766
1 394 395
1779
1 1803 1804 1942 2292
1300 1864 2112
716 2061 2227
419 1088
1075
1881 1883 1884 1885
681 792 794
883 884 885 2086
1570 2294
1821 2291
723 767 2124
1195 1196 2153
2091
879 1897 1898 1900
844
989
1048 1049 1164
1988 1990
68 70 71 717
2129
1 1704 2295
105 106
1399 1400 1417 1418 1419
724 725 726 1505
882 1712 1713 1714
1340 2040 2241 2242 2261 2296 2297
2087 2298 2299
1010 1011 1079
1176 1583
2174
257
87 853 1710
1 2226
1 458 2143 2144
553 778
1969 1970
1059
1197
1414
1708 1830
766 767 768 2124
697 1039 1040 1944
1245 1647 1780 1881 1883 1884
1157 1511 2085
973 1113 1901 1904
1554 1555
1 930 1392 2300
1248
1233
2301 2302 2303
1 1799 1800 2151 2152
2304
1254
40 1631
1058 2189
1537 2262
1564 2016 2017
2305
447 1349 1741 1937 1938
1 1378 1680
174 2156 2157 2259
2306 2307
1812 1813 2305
1216 2298 2299
1544 1545 1786
2255
2208 2209 2210
2259 2260
1252 1253 1909
664 2253 2308
31
1179 1180 2309
15 16 17 1151
1573 2310
1 1471 2009 2010
760 916 1109 1110
2032 2033
314 1501 1943
1549
2296 2297
1170 1270
1470 1665 2311
857 860
1142 1470 1665 2311
2312
428 429 430 1058 2189
2280
2154
1 1280 1523 2282
1853
1601 1602 2117
1 144 145
2161 2162 2183
1762 1903 2290
272 273 274 276 834
1142 1352 1666 1667
196 933
2313 2314
487 488 1330 1501
1185 1618 1619
2315 2316
1373 1374 1597
1 1590 1591 2317
1 249
849 850 1094
759
1051 1432
647 649
2031 2032
2317
148
954 955
1 405 628
302
1 1518
237 2079
1856
1935 2275
307
15 16 17 1151 1293 2201 2308
2158
840 2181
489 704 705 706 2304
495 496 497 2068 2228 2318 2319
1279
375 376 377 762
1870 2203
1763 1847
1381 1754
352 1994
1 1814 1824
1 448 449 742 962
1 2287
1114 1242 2319
178 180 1034
1 33 34 1627 2196
1 1331
464 1016 1198
1769
1607 2049
248 1397 2107
1 1361
1436 1599 1993
670
324 1363
1406 1407 1408 1528 1700
880 2320
1179 2309
559 560 561 1835
2044 2199 2281
2244 2245
1795 1914
362 363 1556 1705 1706 2321
1074 1076 1172 1173 2288
532 533
2155
531 1036 1037 1816 2113 2114 2322
1087 1632 1796 1797 2041
175 2323 2324
2275
1 1829
2053 2054 2055
1842
2325
355
1 2067 2267 2273
621 1236 1291
297
1 2118 2119
397 398 1595
2323 2324
1016
2064
2165 2326
898
1 2285 2286
85 1722 1961 2047
2327
1976
541 542 2180
1467 1468 1512 2006
1497 1764 1765
1958
991
290 291 292 970 2223
157 158 578
1083 2312
1426 2211
1474 1538 1539 2328
958 2329
1 48 50 1787 1788 1789 1790 1959
1 459 1510
1701 1821 2291
1012 1013 1791 1792
386 1425 1728 1758 2330
2318
305 676 1102 1369 1866 2306 2307
1 1122 2322
573
1288 2178
1536
1474 1475 2328
1162 2203
830 1409 1535
212 378
2212 2213
1999 2331
251 1755 2314 2332
619 620 1889 1890
251 2332
583 584 1728 1758 2246 2257 2258 2330
1031
832 833 1641 2195 2225
481 1877 1879 1880
2333 2334
1420 1626 2166 2167 2326
75
66 67 2224 2278
7 1887
1817 1818 1819
1830
1 313 1577 1774
511
1645
1 1517 1520
219 417 455 801 1078 1366 1368 1380 1522 1795 2168 2232
54
1521
1956
362 2321
627 1449
1707
376 377
690
24
1859
1450 2335
1 632 1136 1137 1138
257 538 539 540
1 946 947
2230
1541 1542 2142
2336 2337 2338
593 1734
633 634 769 770
371 1169
248 1730 2256
1377 1826 2277
187 188 1077
120 1061 2013 2130 2131
890 1983
1882
26
832 1887 2195
570 571 645 646
733 734 1784 2003 2274
893
272 273 276
1502 1503 2175 2254 2325
485 2159
350
1948 2339
993 995 996
246 2202
1509 2295
405 1392 2300
771 1825
424
831 2283
938 939 2101 2102 2279
1499 1500
72 124 799 1524 1571 2133 2134 2135 2197 2198 2265
227
691 692
1137 1138
2272
